69,53,107,87
70,52,107,87
67,53,107,87
67,53,107,87
68,53,107,87
65,53,107,87
66,53,107,87
64,54,107,87
63,54,107,87
64,54,107,87
65,53,107,87
65,53,107,87
64,53,107,87
64,53,107,87
63,53,107,87
63,52,107,87
63,52,107,87
61,53,107,87
62,52,107,87
61,54,107,87
61,52,107,87
60,52,107,87
60,52,107,87
58,52,107,87
58,52,107,87
60,51,107,87
60,52,107,87
59,51,107,87
59,50,107,87
57,51,107,87
58,50,107,87
57,49,107,87
57,50,107,87
57,49,107,87
58,49,107,87
57,48,107,87
58,48,107,87
57,50,107,87
54,49,107,87
56,49,107,87
58,49,107,87
56,48,107,87
56,50,107,87
56,50,107,87
58,50,107,87
57,50,107,87
57,50,107,87
57,50,107,87
57,49,107,87
57,50,107,87
57,50,107,87
57,52,107,87
59,53,107,87
57,52,107,87
57,53,107,87
58,54,107,87
58,52,107,87
58,53,107,87
58,53,107,87
58,53,107,87
59,52,107,87
59,53,107,87
58,53,107,87
57,51,107,87
58,52,107,87
58,50,107,87
58,51,107,87
60,51,107,87
58,50,107,87
59,50,107,87
58,50,107,87
60,49,107,87
60,48,107,87
58,47,107,87
57,47,107,87
57,48,107,87
56,47,107,87
56,49,107,87
55,49,107,87
57,48,107,87
55,50,107,87
55,49,107,87
56,50,107,87
55,50,107,87
55,50,107,87
56,50,107,87
56,51,107,87
56,51,107,87
55,50,107,87
55,52,107,87
54,52,107,87
54,51,107,87
55,51,107,87
55,50,107,87
55,50,107,87
54,49,107,87
56,49,107,87
56,49,107,87
57,49,107,87
57,49,107,87
55,50,107,87
58,48,107,87
57,47,107,87
60,46,107,87
58,46,107,87
59,46,107,87
60,46,107,87
60,45,107,87
60,47,107,87
60,47,107,87
60,47,107,87
60,46,107,87
62,47,107,87
61,47,107,87
63,47,107,87
62,47,107,87
62,47,107,87
62,49,107,87
61,50,107,87
62,50,107,87
64,51,107,87
64,50,107,87
64,50,107,87
64,50,107,87
65,50,107,87
64,51,107,87
64,52,107,87
65,53,107,87
66,53,107,87
66,53,107,87
66,53,107,87
67,52,107,87
68,51,107,87
67,51,107,87
68,50,107,87
68,48,107,87
69,48,107,87
70,48,107,87
69,46,107,87
69,45,107,87
70,45,107,87
70,43,107,87
71,43,107,87
71,42,107,87
73,42,107,87
75,41,107,87
74,40,107,87
73,40,107,87
75,39,107,87
77,39,107,87
77,39,107,87
77,39,107,87
79,41,107,87
77,41,107,87
80,42,107,87
78,42,107,87
80,43,107,87
81,43,107,87
83,44,107,87
83,44,107,87
82,45,107,87
81,44,107,87
83,45,107,87
82,44,107,87
85,45,107,87
85,44,107,87
85,45,107,87
86,45,107,87
86,45,107,87
87,45,107,87
87,45,107,87
87,45,107,87
87,47,107,87
89,45,107,87
87,47,107,87
89,45,107,87
89,43,107,87
90,42,107,87
91,42,107,87
91,42,107,87
91,41,107,87
92,41,107,87
92,40,107,87
93,40,107,87
93,40,107,87
92,39,107,87
93,39,107,87
93,38,107,87
94,39,107,87
93,39,107,87
93,38,107,87
93,38,107,87
94,37,107,87
94,38,107,87
94,38,107,87
94,38,107,87
94,39,107,87
94,39,107,87
96,38,107,87
97,40,107,87
97,39,107,87
98,41,107,87
98,40,107,87
99,41,107,87
100,40,107,87
99,42,107,87
102,41,107,87
100,41,107,87
101,41,107,87
101,41,107,87
102,41,107,87
102,41,107,87
102,41,107,87
102,41,107,87
104,42,107,87
104,42,107,87
104,43,107,87
105,43,107,87
104,42,107,87
105,44,107,87
105,44,107,87
105,47,107,87
105,45,107,87
107,45,107,87
106,46,107,87
107,46,107,87
108,47,107,87
108,46,107,87
109,47,107,87
110,45,107,87
111,49,107,87
106,45,107,87
106,45,107,87
106,45,107,87
107,46,107,87
106,46,107,87
106,46,107,87
107,46,107,87
105,48,107,87
106,46,107,87
108,46,107,87
106,47,107,87
107,46,107,87
108,48,107,87
107,45,107,87
107,46,107,87
108,45,107,87
107,45,107,87
109,46,107,87
109,45,107,87
109,43,107,87
108,43,107,87
110,42,107,87
111,42,107,87
109,40,107,87
110,39,107,87
109,38,107,87
109,39,107,87
108,39,107,87
108,39,107,87
109,40,107,87
110,40,107,87
109,41,107,87
110,40,107,87
110,40,107,87
110,40,107,87
110,42,107,87
110,41,107,87
112,42,107,87
110,44,107,87
111,44,107,87
112,45,107,87
111,46,107,87
112,44,107,87
110,44,107,87
111,43,107,87
110,41,107,87
110,43,107,87
112,42,107,87
111,39,107,87
110,42,107,87
109,39,107,87
109,41,107,87
111,42,107,87
110,43,107,87
111,42,107,87
111,42,107,87
111,40,107,87
109,40,107,87
110,42,107,87
110,40,107,87
111,39,107,87
111,41,107,87
112,39,107,87
111,42,107,87
110,43,107,87
111,45,107,87
109,46,107,87
111,43,107,87
111,43,107,87
111,43,107,87
111,43,107,87
111,41,107,87
111,42,107,87
112,41,107,87
111,43,107,87
112,45,107,87
113,45,107,87
113,46,107,87
113,46,107,87
112,45,107,87
113,47,107,87
113,44,107,87
112,47,107,87
113,48,107,87
110,46,107,87
113,47,107,87
113,46,107,87
112,45,107,87
116,44,107,87
115,44,107,87
115,45,107,87
114,46,107,87
116,47,107,87
117,45,107,87
118,44,107,87
116,44,107,87
116,46,107,87
116,47,107,87
116,46,107,87
116,48,107,87
113,46,107,87
116,46,107,87
114,45,107,87
116,47,107,87
117,47,107,87
116,47,107,87
114,46,107,87
115,47,107,87
116,46,107,87
114,44,107,87
116,45,107,87
116,45,107,87
117,42,107,87
117,42,107,87
116,45,107,87
114,45,107,87
116,46,107,87
114,50,107,87
117,51,107,87
116,50,107,87
113,53,107,87
116,49,107,87
115,48,107,87
115,43,107,87
115,37,107,87
116,34,107,87
115,32,107,87
117,33,107,87
117,33,107,87
117,35,107,87
116,37,107,87
117,41,107,87
114,42,107,87
116,44,107,87
116,45,107,87
116,46,107,87
115,45,107,87
115,44,107,87
115,43,107,87
117,42,107,87
114,42,107,87
115,41,107,87
116,41,107,87
115,41,107,87
114,42,107,87
115,43,107,87
115,41,107,87
113,43,107,87
113,42,107,87
113,43,107,87
114,44,107,87
113,44,107,87
112,46,107,87
114,47,107,87
110,45,107,87
114,46,107,87
113,49,107,87
113,49,107,87
110,48,107,87
113,48,107,87
111,46,107,87
110,44,107,87
109,43,107,87
113,41,107,87
109,44,107,87
112,46,107,87
108,46,107,87
110,48,107,87
107,47,107,87
109,47,107,87
108,43,107,87
106,43,107,87
108,41,107,87
109,40,107,87
106,38,107,87
107,39,107,87
106,39,107,87
107,39,107,87
107,39,107,87
106,40,107,87
106,40,107,87
106,41,107,87
106,42,107,87
105,43,107,87
102,40,107,87
104,44,107,87
104,43,107,87
104,40,107,87
104,41,107,87
103,41,107,87
103,41,107,87
103,42,107,87
101,42,107,87
101,43,107,87
100,43,107,87
99,43,107,87
101,42,107,87
100,41,107,87
98,42,107,87
99,41,107,87
98,43,107,87
99,42,107,87
97,42,107,87
97,40,107,87
99,42,107,87
97,40,107,87
99,42,107,87
96,40,107,87
95,41,107,87
94,41,107,87
96,41,107,87
95,41,107,87
94,40,107,87
93,42,107,87
94,41,107,87
94,41,107,87
93,42,107,87
94,43,107,87
93,41,107,87
93,42,107,87
94,43,107,87
93,42,107,87
90,42,107,87
92,42,107,87
91,42,107,87
91,41,107,87
91,43,107,87
92,41,107,87
92,41,107,87
90,42,107,87
94,40,107,87
91,40,107,87
90,42,107,87
91,40,107,87
91,41,107,87
91,40,107,87
91,40,107,87
90,40,107,87
91,42,107,87
89,42,107,87
90,41,107,87
93,41,107,87
91,42,107,87
93,43,107,87
92,41,107,87
91,42,107,87
93,41,107,87
92,41,107,87
92,41,107,87
93,41,107,87
89,40,107,87
91,41,107,87
92,41,107,87
92,41,107,87
92,42,107,87
90,39,107,87
94,42,107,87
89,39,107,87
89,41,107,87
89,40,107,87
90,41,107,87
89,41,107,87
90,43,107,87
90,42,107,87
92,44,107,87
91,42,107,87
90,43,107,87
92,44,107,87
92,44,107,87
92,44,107,87
92,44,107,87
94,42,107,87
92,44,107,87
93,45,107,87
91,44,107,87
92,43,107,87
92,43,107,87
92,42,107,87
92,42,107,87
92,42,107,87
93,42,107,87
92,41,107,87
92,42,107,87
92,42,107,87
92,42,107,87
92,43,107,87
94,42,107,87
93,44,107,87
94,42,107,87
92,42,107,87
92,43,107,87
93,44,107,87
93,43,107,87
92,43,107,87
92,42,107,87
94,44,107,87
92,43,107,87
93,44,107,87
92,44,107,87
92,44,107,87
92,44,107,87
91,43,107,87
92,44,107,87
92,44,107,87
93,43,107,87
92,44,107,87
95,44,107,87
91,43,107,87
93,45,107,87
92,44,107,87
93,45,107,87
92,45,107,87
93,44,107,87
93,45,107,87
93,45,107,87
93,44,107,87
93,44,107,87
94,44,107,87
93,45,107,87
96,43,107,87
95,45,107,87
97,43,107,87
95,42,107,87
98,43,107,87
95,42,107,87
97,42,107,87
97,42,107,87
96,42,107,87
96,42,107,87
95,42,107,87
96,42,107,87
97,41,107,87
98,41,107,87
98,40,107,87
98,40,107,87
99,40,107,87
100,39,107,87
100,41,107,87
101,42,107,87
101,43,107,87
102,43,107,87
101,44,107,87
102,44,107,87
105,43,107,87
103,44,107,87
103,44,107,87
103,42,107,87
103,42,107,87
104,42,107,87
105,42,107,87
107,42,107,87
105,45,107,87
108,43,107,87
106,45,107,87
107,45,107,87
107,46,107,87
107,47,107,87
108,46,107,87
109,46,107,87
109,45,107,87
109,44,107,87
110,44,107,87
110,44,107,87
112,45,107,87
112,45,107,87
113,45,107,87
114,45,107,87
112,44,107,87
114,45,107,87
114,44,107,87
115,45,107,87
115,44,107,87
116,45,107,87
116,45,107,87
116,44,107,87
117,44,107,87
117,44,107,87
118,44,107,87
118,44,107,87
118,43,107,87
118,43,107,87
119,43,107,87
119,43,107,87
121,42,107,87
120,43,107,87
121,45,107,87
121,45,107,87
120,44,107,87
122,44,107,87
122,43,107,87
121,45,107,87
121,46,107,87
121,45,107,87
122,47,107,87
121,49,107,87
121,46,107,87
122,47,107,87
122,48,107,87
122,47,107,87
122,47,107,87
123,47,107,87
122,47,107,87
121,49,107,87
122,48,107,87
120,49,107,87
122,46,107,87
121,48,107,87
122,47,107,87
123,45,107,87
122,45,107,87
123,45,107,87
122,45,107,87
124,45,107,87
122,45,107,87
124,45,107,87
124,44,107,87
121,43,107,87
124,42,107,87
122,42,107,87
122,41,107,87
123,42,107,87
122,43,107,87
121,45,107,87
123,45,107,87
122,44,107,87
122,44,107,87
122,44,107,87
