38,62,68,78
42,68,68,78
48,74,68,78
54,79,68,78
65,81,68,78
76,83,68,78
82,85,68,78
90,88,68,78
101,92,68,78
111,94,68,78
119,93,68,78
124,89,68,78
130,86,68,78
134,82,68,78
140,79,68,78
145,78,68,78
152,74,68,78
162,72,68,78
175,72,68,78
191,70,68,78
209,71,68,78
224,70,68,78
241,69,68,78
256,69,68,78
272,69,68,78
284,69,68,78
291,67,68,78
293,66,68,78
293,65,68,78
286,66,68,78
273,66,68,78
259,65,68,78
244,63,68,78
230,63,68,78
215,63,68,78
192,65,68,78
180,69,68,78
168,73,68,78
158,74,68,78
144,58,68,78
137,57,68,78
130,60,68,78
127,66,68,78
120,85,68,78
114,88,68,78
109,89,68,78
107,87,68,78
104,86,68,78
101,84,68,78
100,83,68,78
103,84,68,78
110,85,68,78
126,85,68,78
144,84,68,78
165,84,68,78
186,82,68,78
206,80,68,78
224,79,68,78
240,77,68,78
256,77,68,78
270,75,68,78
283,70,68,78
295,67,68,78
303,63,68,78
307,63,68,78
307,61,68,78
302,63,68,78
291,65,68,78
274,72,68,78
257,78,68,78
236,84,68,78
218,87,68,78
182,90,68,78
157,93,68,78
133,91,68,78
113,89,68,78
94,84,68,78
72,80,68,78
53,73,68,78
30,71,68,78
34,75,68,78
14,80,68,78
3,78,68,78
18,55,68,78
14,58,68,78
13,58,68,78
14,55,68,78
20,54,68,78
10,51,68,78
14,52,68,78
17,52,68,78
21,52,68,78
24,56,68,78
21,82,68,78
30,86,68,78
38,87,68,78
49,90,68,78
58,91,68,78
71,93,68,78
87,94,68,78
86,102,68,78
105,104,68,78
125,108,68,78
147,112,68,78
168,114,68,78
222,89,68,78
225,107,68,78
251,107,68,78
264,117,68,78
287,116,68,78
308,116,68,78
327,113,68,78
341,110,68,78
348,106,68,78
348,101,68,78
352,91,68,78
339,87,68,78
333,80,68,78
305,78,68,78
287,77,68,78
278,71,68,78
256,79,68,78
251,68,68,78
271,104,68,78
263,109,68,78
243,75,68,78
240,89,68,78
241,85,68,78
241,75,68,78
224,74,68,78
202,75,68,78
187,75,68,78
174,73,68,78
162,76,68,78
169,80,68,78
184,80,68,78
182,88,68,78
201,89,68,78
233,93,68,78
241,101,68,78
247,100,68,78
250,101,68,78
250,102,68,78
248,103,68,78
246,103,68,78
240,104,68,78
235,103,68,78
232,102,68,78
223,96,68,78
217,90,68,78
223,85,68,78
238,82,68,78
256,82,68,78
276,84,68,78
289,81,68,78
300,77,68,78
306,70,68,78
309,59,68,78
309,54,68,78
307,54,68,78
302,63,68,78
295,74,68,78
278,88,68,78
264,104,68,78
257,113,68,78
254,114,68,78
248,110,68,78
252,100,68,78
241,89,68,78
232,81,68,78
219,72,68,78
210,70,68,78
217,65,68,78
227,65,68,78
221,69,68,78
195,68,68,78
175,77,68,78
160,87,68,78
157,94,68,78
170,92,68,78
172,92,68,78
173,91,68,78
176,91,68,78
177,102,68,78
191,99,68,78
206,90,68,78
208,87,68,78
212,79,68,78
214,78,68,78
219,68,68,78
214,60,68,78
212,61,68,78
212,69,68,78
222,76,68,78
224,75,68,78
227,74,68,78
220,79,68,78
221,82,68,78
223,79,68,78
228,81,68,78
243,79,68,78
257,74,68,78
263,83,68,78
268,80,68,78
247,77,68,78
262,70,68,78
246,72,68,78
241,80,68,78
249,86,68,78
244,69,68,78
240,74,68,78
226,76,68,78
211,77,68,78
174,93,68,78
165,94,68,78
154,99,68,78
134,113,68,78
138,116,68,78
149,115,68,78
159,109,68,78
169,104,68,78
179,93,68,78
186,80,68,78
194,72,68,78
211,66,68,78
226,60,68,78
234,57,68,78
240,59,68,78
239,63,68,78
232,71,68,78
214,74,68,78
193,86,68,78
178,97,68,78
168,108,68,78
186,93,68,78
183,99,68,78
186,96,68,78
192,90,68,78
199,83,68,78
210,75,68,78
221,70,68,78
211,76,68,78
214,78,68,78
214,89,68,78
222,96,68,78
243,92,68,78
232,107,68,78
260,82,68,78
234,96,68,78
230,85,68,78
229,89,68,78
202,109,68,78
180,134,68,78
180,135,68,78
181,135,68,78
181,136,68,78
180,136,68,78
180,136,68,78
179,136,68,78
180,135,68,78
179,134,68,78
173,133,68,78
192,98,68,78
180,97,68,78
174,96,68,78
174,83,68,78
178,70,68,78
181,62,68,78
182,59,68,78
182,55,68,78
178,55,68,78
175,58,68,78
170,60,68,78
163,63,68,78
178,49,68,78
170,51,68,78
156,56,68,78
143,63,68,78
136,65,68,78
133,61,68,78
142,53,68,78
152,47,68,78
166,45,68,78
165,66,68,78
183,76,68,78
212,77,68,78
232,91,68,78
248,95,68,78
254,94,68,78
253,90,68,78
241,79,68,78
234,70,68,78
230,67,68,78
231,67,68,78
224,77,68,78
216,83,68,78
239,76,68,78
232,70,68,78
219,78,68,78
214,78,68,78
213,79,68,78
217,82,68,78
221,90,68,78
231,95,68,78
238,99,68,78
240,103,68,78
233,101,68,78
233,95,68,78
232,91,68,78
230,94,68,78
231,92,68,78
233,59,68,78
185,77,68,78
169,73,68,78
159,74,68,78
157,75,68,78
172,73,68,78
189,75,68,78
218,78,68,78
253,86,68,78
277,75,68,78
275,73,68,78
247,71,68,78
212,71,68,78
194,75,68,78
180,89,68,78
174,100,68,78
203,150,68,78
176,116,68,78
166,135,68,78
166,135,68,78
166,135,68,78
165,136,68,78
164,138,68,78
164,137,68,78
165,136,68,78
165,136,68,78
164,138,68,78
164,137,68,78
164,137,68,78
164,137,68,78
164,137,68,78
164,137,68,78
164,137,68,78
164,137,68,78
164,137,68,78
165,137,68,78
164,137,68,78
164,136,68,78
163,137,68,78
164,137,68,78
163,138,68,78
165,136,68,78
164,137,68,78
165,136,68,78
164,137,68,78
164,138,68,78
164,137,68,78
163,137,68,78
163,137,68,78
163,137,68,78
163,137,68,78
163,137,68,78
164,138,68,78
